12.709 
16.067 
22.892 
25.029 
25.900000000000002 
26.73 
27.162 
28.864 
32.86 
33.112 
33.487 
35.184 
35.573 
37.7 
38.071 
38.892 
39.733000000000004 
40.134 
41.445 
41.867 
42.749 
46.054 
46.891 
50.295 
50.76 
51.616 
51.821 
53.284 
56.606 
60.005 
62.954 
63.407000000000004 
64.269 
66.246 
67.128 
67.991 
68.397 
73.027 
73.462 
74.103 
74.306 
75.181 
78.114 
78.318 
78.521 
78.964 
79.403 
81.912 
82.757 
83.539 
84.388 
86.122 
86.886 
87.734 
88.644 
92.012 
93.832 
94.614 
96.2 
97.031 
97.872 
99.582 
100.378 
101.222 
102.052 
105.086 
