10.634 
11.117 
11.924000000000001 
13.731 
14.456 
15.281 
16.955000000000002 
17.703 
18.591 
19.476 
20.412 
21.209 
22.026 
24.128 
24.609 
25.48 
26.327 
27.968 
28.439 
29.31 
33.923 
34.313 
35.955 
36.384 
38.505 
39.343 
40.59 
42.337 
46.48 
47.322 
48.004 
49.445 
49.877 
51.201 
52.438 
54.092 
54.887 
55.89 
57.453 
58.269 
59.105 
60.951 
61.693 
63.856 
65.145 
66.789 
67.535 
69.793 
70.164 
70.535 
70.957 
73.864 
74.509 
74.79 
75.617 
80.245 
81.09 
85.258 
89.516 
90.334 
91.206 
93.294 
95.42 
98.756 
103.029 
103.875 
