2.6540000000000004 
3.15 
5.158 
5.694000000000001 
6.182 
7.758000000000001 
8.214 
10.245000000000001 
10.75 
12.734 
13.245000000000001 
15.254 
15.725000000000001 
19.366 
21.973 
24.18 
26.349 
30.525 
33.013 
33.461 
37.005 
37.206 
38.1 
43.748 
46.109 
49.628 
50.708 
51.173 
55.725 
56.237 
59.637 
63.02 
65.236 
65.437 
65.877 
67.437 
70.908 
71.38 
71.892 
75.94800000000001 
78.998 
81.509 
84.18900000000001 
87.38 
89.861 
93.036 
97.124 
97.528 
98.46 
105.341 
108.885 
109.485 
115.773 
116.413 
117.004 
121.413 
121.876 
125.869 
126.548 
129.116 
133.781 
139.068 
139.572 
144.189 
146.756 
151.117 
153.612 
153.813 
155.508 
157.468 
163.796 
166.244 
166.445 
166.932 
172.484 
177.036 
177.5 
177.996 
181.015 
181.535 
184.073 
188.093 
188.988 
190.31 
192.172 
192.661 
193.1 
197.164 
197.716 
201.228 
