3.6530000000000005 
8.678 
11.206 
13.733 
16.198 
18.838 
21.302 
23.357 
25.445 
28.437 
30.972 
32.372 
34.453 
38.548 
43.461 
44.396 
46.597 
49.1 
51.653 
54.157000000000004 
56.7 
59.172 
63.341 
64.605 
66.805 
67.765 
69.284 
69.908 
72.38 
72.884 
74.701 
75.333 
76.598 
78.484 
79.476 
80.74 
82.012 
83.557 
85.437 
87.965 
90.484 
92.405 
94.332 
96.228 
97.797 
100.636 
103.756 
107.549 
112.309 
114.884 
117.428 
119.813 
122.677 
125.172 
128.06 
128.709 
130.012 
130.88400000000001 
134.068 
134.54 
138.037 
140.58 
143.541 
144.796 
147.612 
149.684 
150.141 
152.684 
152.886 
154.831 
155.86 
156.82 
158.06 
159.316 
159.98 
160.487 
161.117 
161.749 
161.988 
162.391 
162.597 
163.0 
165.045 
167.589 
170.15 
171.373 
173.517 
174.517 
175.044 
175.853 
178.573 
180.213 
181.805 
183.669 
184.284 
189.652 
190.109 
190.597 
191.549 
192.863 
194.717 
195.708 
203.844 
