4.454000000000001 
6.750000000000001 
9.205 
11.789000000000001 
14.278 
16.781 
17.87 
18.342 
20.357 
20.805 
22.974 
24.852 
27.252 
27.965 
32.004 
35.549 
36.052 
39.461 
40.589 
41.084 
41.565 
44.981 
48.173 
48.629 
53.22 
53.7 
58.284 
58.756 
60.805 
61.006 
61.365 
61.567 
64.244 
66.534 
68.404 
68.813 
73.188 
73.965 
77.885 
80.125 
82.901 
84.836 
88.612 
89.253 
91.836 
95.596 
98.748 
99.349 
101.26 
101.901 
102.533 
104.389 
108.204 
111.349 
111.844 
113.869 
114.413 
118.933 
119.372 
123.973 
127.636 
131.533 
131.98 
132.46 
133.14 
135.50900000000001 
136.525 
137.02 
141.652 
142.116 
145.692 
148.637 
149.26 
151.812 
152.22 
154.228 
156.50900000000001 
158.732 
164.708 
168.533 
169.485 
169.948 
170.436 
171.076 
174.157 
179.221 
179.885 
182.428 
182.832 
183.372 
191.228 
194.005 
194.207 
198.22 
199.717 
200.196 
202.228 
202.781 
