23.837 
25.876 
28.908 
29.813000000000002 
31.397000000000002 
32.669 
33.941 
36.493 
38.981 
43.156 
44.044 
45.645 
52.181 
54.661 
57.189 
62.708 
63.78 
64.868 
66.333 
67.109 
69.015 
70.316 
71.581 
72.581 
73.484 
74.38 
75.02 
76.397 
76.86 
77.428 
78.165 
78.797 
79.2 
79.805 
80.413 
81.076 
81.717 
82.581 
83.228 
86.092 
86.74 
87.693 
88.3 
90.165 
91.181 
91.501 
92.725 
93.325 
93.677 
94.893 
95.261 
95.909 
96.788 
97.326 
98.14 
100.005 
103.132 
104.988 
105.677 
106.332 
106.94800000000001 
107.877 
108.541 
112.868 
115.213 
118.22 
120.733 
123.357 
124.508 
127.052 
128.372 
129.492 
133.461 
134.997 
137.485 
140.037 
142.605 
144.476 
145.133 
146.109 
147.148 
148.229 
150.748 
154.629 
155.133 
156.197 
157.14 
157.764 
158.405 
159.028 
159.645 
160.285 
160.688 
160.916 
161.319 
161.548 
162.19 
162.798 
163.201 
164.38 
165.644 
167.388 
167.901 
168.844 
172.028 
172.686 
172.948 
173.844 
175.557 
176.397 
177.702 
178.924 
180.813 
181.333 
182.093 
182.63 
183.045 
183.871 
184.684 
185.196 
185.86 
186.5 
187.165 
187.668 
195.277 
196.229 
198.716 
200.7 
203.252 
