7.9430000000000005 
8.711 
12.399000000000001 
13.167 
19.895 
20.711000000000002 
24.391000000000002 
25.135 
29.288 
31.943 
32.295 
34.895 
35.311 
38.279 
38.647 
42.208 
46.863 
47.639 
51.423 
51.791000000000004 
55.159 
55.511 
62.647 
65.279 
67.167 
67.543 
68.279 
71.615 
72.224 
75.432 
76.127 
76.743 
79.728 
81.399 
84.391 
84.767 
86.656 
87.058 
87.751 
90.743 
91.847 
95.656 
96.023 
98.647 
99.031 
102.359 
102.783 
104.69 
105.023 
108.423 
109.135 
112.943 
113.847 
114.215 
119.663 
120.039 
125.287 
125.639 
130.103 
130.519 
133.879 
142.919 
143.823 
144.241 
147.431 
147.791 
153.063 
157.911 
158.279 
160.527 
163.543 
164.823 
169.511 
169.914 
170.399 
170.808 
174.415 
174.783 
179.287 
179.687 
183.75900000000001 
184.135 
184.887 
189.767 
194.647 
195.023 
201.791 
202.167 
206.999 
207.39 
207.806 
211.11 
214.102 
214.51 
217.102 
220.102 
220.51 
221.702 
222.078 
226.534 
230.71 
232.934 
236.846 
243.136 
