6.399 
7.183 
9.447000000000001 
10.167 
15.431000000000001 
16.151 
21.391000000000002 
22.175 
27.455000000000002 
28.159 
28.903000000000002 
29.639 
30.039 
33.039 
34.519 
36.015 
37.183 
37.927 
39.015 
40.511 
40.913000000000004 
42.007 
42.409 
43.727000000000004 
45.407000000000004 
48.023 
49.319 
49.889 
53.695 
54.039 
56.279 
63.407000000000004 
64.879 
66.414 
66.807 
72.759 
82.119 
82.919 
83.991 
85.159 
86.335 
86.857 
88.296 
89.239 
91.103 
91.544 
92.095 
92.655 
92.857 
93.058 
96.407 
96.775 
100.527 
102.015 
103.879 
104.287 
104.488 
106.511 
108.023 
109.336 
115.135 
115.511 
117.135 
120.415 
120.799 
123.135 
124.503 
124.903 
127.495 
127.895 
129.247 
131.815 
132.232 
134.271 
135.015 
136.959 
137.16 
138.399 
141.191 
145.159 
145.527 
148.167 
148.519 
150.415 
150.783 
153.679 
154.543 
156.424 
156.75900000000001 
159.751 
161.311 
161.703 
163.191 
165.183 
166.543 
168.048 
168.471 
171.4 
172.904 
173.287 
175.911 
176.271 
178.183 
178.903 
180.791 
181.527 
182.655 
183.375 
185.263 
185.679 
186.799 
187.167 
188.279 
188.671 
190.487 
192.047 
193.935 
194.295 
195.383 
195.776 
196.903 
198.007 
198.411 
199.511 
201.023 
201.433 
203.311 
203.663 
205.511 
205.903 
208.502 
209.638 
210.375 
210.75 
211.486 
212.238 
213.374 
215.678 
216.078 
217.894 
218.646 
219.382 
223.19 
223.558 
226.142 
227.766 
229.926 
231.126 
233.254 
234.766 
235.91 
237.246 
240.134 
243.337 
