3.4400000000000004 
3.6410000000000005 
4.159 
10.911000000000001 
11.647 
16.927 
17.647000000000002 
22.863 
23.647000000000002 
27.759 
30.415 
30.791 
33.383 
33.799 
36.359 
40.712 
43.928 
44.639 
45.031 
49.687 
52.895 
53.263 
54.423 
54.791000000000004 
56.647 
57.047 
57.423 
57.807 
58.199 
58.575 
58.927 
59.279 
59.663000000000004 
60.063 
60.431 
60.799 
61.166 
61.535000000000004 
61.895 
62.263 
63.774 
64.159 
70.279 
70.583 
73.872 
74.479 
74.871 
78.359 
79.119 
81.175 
82.511 
85.583 
85.927 
88.095 
88.503 
89.44 
90.399 
93.415 
94.191 
94.591 
97.887 
98.263 
99.423 
99.775 
100.903 
101.279 
105.743 
106.135 
106.903 
107.655 
109.543 
109.95100000000001 
110.783 
115.871 
116.263 
117.359 
118.903 
119.303 
121.895 
122.775 
123.337 
126.815 
127.143 
128.247 
128.655 
132.031 
135.367 
135.568 
135.769 
138.175 
139.151 
139.559 
140.815 
145.895 
146.287 
148.903 
149.311 
151.151 
151.551 
154.887 
155.263 
157.183 
157.575 
158.663 
159.023 
162.047 
166.903 
167.774 
168.263 
172.111 
172.527 
176.647 
177.031 
177.399 
177.775 
181.895 
182.255 
187.535 
187.927 
190.863 
191.247 
191.799 
192.248 
192.449 
197.687 
198.209 
199.712 
199.914 
200.319 
200.639 
204.015 
204.407 
208.902 
209.286 
212.598 
213.006 
219.023 
220.91 
221.342 
223.926 
224.286 
225.406 
225.608 
225.81 
228.158 
232.102 
232.526 
233.83 
234.262 
239.758 
243.539 
