4.8950000000000005 
5.096 
5.631 
13.887 
14.655000000000001 
18.375 
19.127 
27.167 
28.527 
31.159 
31.591 
32.671 
34.215 
35.671 
36.807 
37.559 
39.415 
40.135 
41.655 
42.959 
43.367 
46.167 
46.519 
48.383 
48.967 
50.615 
51.023 
52.223 
52.551 
55.871 
62.999 
64.527 
65.655 
66.063 
67.887 
68.655 
70.895 
72.023 
72.425 
73.151 
73.527 
75.231 
76.495 
76.959 
77.639 
78.031 
79.527 
79.93 
80.423 
80.888 
83.287 
83.663 
87.399 
88.863 
89.647 
90.047 
91.343 
92.351 
93.791 
94.903 
95.287 
97.143 
97.527 
100.151 
101.647 
103.135 
103.559 
105.399 
111.247 
112.119 
112.543 
114.416 
114.758 
116.815 
117.815 
118.167 
118.535 
121.174 
121.527 
123.75 
124.143 
126.024 
126.424 
128.895 
130.935 
132.455 
133.151 
133.374 
134.663 
136.167 
136.559 
139.919 
142.119 
142.511 
144.039 
144.443 
146.671 
147.063 
149.679 
150.055 
151.927 
152.847 
154.127 
155.639 
156.024 
159.407 
160.151 
160.911 
162.391 
162.792 
163.895 
164.432 
165.384 
166.151 
169.167 
169.712 
171.199 
173.679 
174.031 
175.159 
175.519 
178.511 
180.015 
180.415 
181.175 
183.023 
184.511 
186.047 
186.431 
189.015 
189.423 
190.127 
193.247 
193.583 
196.199 
196.527 
199.127 
201.231 
202.535 
202.943 
204.751 
205.231 
206.231 
206.663 
208.15 
210.006 
211.918 
213.766 
214.879 
215.294 
216.39 
216.742 
217.486 
218.286 
219.758 
222.446 
222.782 
224.734 
225.046 
226.87800000000001 
229.159 
229.55 
235.526 
242.934 
